0.312243 0.58034
0.849595 0.615237
1.20621 0.5213
1.19541 0.540537
1.47868 0.595752
1.78374 0.572521
2.06878 0.59276
2.26988 0.6294
2.53955 0.656979
2.82358 0.647868
3.07905 0.659794
3.38428 0.551082
3.67554 0.502091
3.96471 0.57364
4.2457 0.570358
4.50717 0.62156
4.7299 0.67557
4.99199 0.667598
5.26083 0.671499
5.51106 0.676742
5.79797 0.688605
6.04299 0.55379
6.2921 0.617302
6.54274 0.705808
6.79213 0.720784
7.04741 0.684228
7.26815 0.755219
7.58544 0.777231
7.85089 0.778491
8.10753 0.816717
8.3419 0.838744
8.59699 1.06291
8.85727 1.10694
9.17346 1.13661
9.424 1.15171
9.70996 1.28387
9.97426 1.37383
10.2239 1.50768
10.4479 1.55151
10.6835 1.6345
10.9017 1.62965
11.1887 1.61216
11.4525 1.63693
11.6786 1.64696
11.9065 1.70903
12.1566 1.85067
12.4091 1.87028
12.6642 1.89269
12.8871 2.03801
13.1462 2.22886
13.3756 2.36491
13.5018 2.6198
13.73 2.6936
13.9445 2.79869
14.1675 2.92079
14.4271 3.0065
14.6623 3.05359
14.8682 3.31138
15.0923 3.47067
15.2937 3.69001
15.5057 3.83176
15.7305 3.87955
15.9487 4.0026
16.1569 4.13385
16.3392 4.33092
16.5636 4.46938
16.7477 4.64665
16.9049 4.82342
17.0448 5.06688
17.2398 5.14406
17.3886 5.35825
17.5764 5.40421
17.7433 5.57024
17.8955 5.75664
18.0347 5.99843
18.1776 6.24801
18.2939 6.52846
18.4223 6.75668
18.5777 6.8833
18.7298 7.09391
18.9199 7.21677
19.0002 7.39254
19.0755 7.693
19.2115 7.86589
19.3011 8.10996
19.3901 8.30241
19.5118 8.45184
19.624 8.60382
19.7552 8.7886
19.8251 9.02139
19.9191 9.26835
19.9598 9.48956
20.0208 9.74946
20.0145 10.1395
20.0797 10.4001
20.0801 10.6422
20.1372 10.8872
20.1072 11.2523
20.1891 11.4265
20.0995 11.7035
20.1784 11.8583
20.1923 12.094
20.2113 12.3695
20.1815 12.5659
20.2119 12.7663
20.27 12.9073
20.2478 13.1399
20.2095 13.3617
20.1707 13.6524
20.1558 13.8223
20.0736 14.1255
19.999 14.3448
19.8808 14.6568
19.8493 14.807
19.81 15.0403
19.7299 15.2129
19.6666 15.3932
19.6199 15.5429
19.4788 15.8217
19.3739 16.0213
19.2662 16.2445
19.1773 16.4114
19.0127 16.6775
18.8593 16.9016
18.6315 17.1793
18.52 17.3793
18.3211 17.6328
18.177 17.8076
18.067 17.9884
17.9318 18.092
17.8115 18.2224
17.757 18.3558
17.5164 18.5968
17.3843 18.6822
17.1965 18.8458
17.0169 19.0453
16.7914 19.2085
16.5591 19.4095
16.3092 19.5905
16.1283 19.5955
15.8922 19.7479
15.7348 19.831
15.4653 20.0239
15.169 20.242
15.0061 20.3435
14.7726 20.4071
14.5641 20.5117
14.2826 20.6316
14.0643 20.6992
13.8164 20.7786
13.5566 20.8497
13.3449 20.853
13.1085 20.8863
12.8929 20.9468
12.7135 20.9676
12.3829 21.054
12.1502 21.0819
11.9355 21.094
11.7192 21.0733
11.4759 21.0396
11.2714 21.0239
10.9831 20.9744
10.7942 20.9318
10.4326 20.9755
10.146 21.0052
9.88496 21.0032
9.75702 20.9337
9.49741 20.9336
9.36368 20.8725
9.17758 20.8242
8.84911 20.8129
8.73904 20.682
8.41845 20.636
8.18808 20.5528
7.9261 20.4828
7.74062 20.4007
7.36574 20.3552
7.10247 20.2598
6.82872 20.1791
6.60028 20.0896
6.35801 19.9963
6.16354 19.9093
5.89034 19.8143
5.59352 19.6743
5.47183 19.5226
5.3274 19.3506
5.11178 19.2317
5.01429 19.1121
4.84476 18.9768
4.55577 18.8446
4.38138 18.6994
4.24508 18.5469
4.13015 18.3958
3.86584 18.2553
3.57456 18.0971
3.49132 17.9381
3.23069 17.7884
2.96884 17.6229
2.8096 17.4631
2.71113 17.2393
2.53204 17.0419
2.37657 16.8769
2.21399 16.7123
1.96012 16.5033
1.82539 16.3044
1.66162 16.1314
1.46537 15.9612
1.35221 15.7215
1.18454 15.5015
0.976984 15.3181
0.771788 15.1071
0.673675 14.9339
0.596769 14.7337
0.508175 14.4805
0.324389 14.2516
0.13528 13.9966
0.162955 13.7458
0.0445408 13.5068
-0.119393 13.2602
-0.259556 13.045
-0.228677 12.8291
-0.424615 12.5893
-0.519714 12.3677
-0.714546 12.1648
-0.748832 11.9499
-0.970919 11.7067
-1.12885 11.4658
-1.16897 11.2318
-1.32369 11.0094
-1.39062 10.7669
-1.50432 10.5103
-1.61557 10.2337
-1.6804 10.003
-1.71987 9.78983
-1.77983 9.56908
-1.98977 9.29786
-2.06259 9.02567
-2.08241 8.82885
-2.17448 8.58566
-2.41098 8.29357
-2.43442 8.06697
-2.3835 7.91255
-2.49307 7.66013
-2.76805 7.38196
-2.86999 7.14019
-2.85845 6.9421
-2.88342 6.72813
-2.83901 6.54611
-2.90303 6.32281
-3.14902 6.0169
-3.24306 5.74795
-3.35398 5.47698
-3.46089 5.22103
-3.50378 4.98453
-3.62 4.69922
-3.72062 4.42882
-3.8603 4.1509
-3.93157 3.93
-4.00046 3.69295
-4.05425 3.56222
-4.14954 3.32316
-4.30045 3.01077
-4.40902 2.73795
-4.49546 2.47529
-4.6 2.19967
-4.67284 2.00415
-4.802 1.72644
-4.93285 1.45162
-5.01972 1.22211
-5.09844 1.05857
-5.17494 0.835662
-5.27319 0.393243
-5.36101 0.146809
-5.48106 -0.178884
-5.54785 -0.4136
-5.67363 -0.430769
-5.79221 -0.603575
-5.88588 -0.811614
-6.00005 -1.07411
-6.05713 -1.43746
-6.18197 -1.64703
-6.31718 -1.87362
-6.44526 -2.12832
-6.63328 -2.24796
-6.77194 -2.45767
-6.94327 -2.65149
-7.04396 -2.93484
-7.16212 -3.18066
-7.28232 -3.38769
-7.41102 -3.7181
-7.56872 -3.85597
-7.70907 -4.04802
-7.85367 -4.27404
-7.99901 -4.50787
-8.14546 -4.73949
-8.2949 -4.93009
-8.41658 -5.14119
-8.60843 -5.21184
-8.76406 -5.40904
-8.92852 -5.61188
-9.07554 -5.81001
-9.22963 -5.90014
-9.40193 -6.01956
-9.58518 -6.21678
-9.71189 -6.45002
-10.0132 -6.52903
-10.191 -6.73139
-10.3738 -6.88082
-10.5646 -7.0904
-10.8032 -7.17661
-11.0074 -7.37134
-11.18 -7.5171
-11.3224 -7.71484
-11.523 -7.81497
-11.7004 -7.95567
-11.894 -8.05982
-12.0927 -8.16584
-12.3437 -8.26578
-12.5568 -8.38448
-12.7593 -8.45607
-13.0044 -8.54453
-13.2984 -8.60909
-13.5218 -8.69458
-13.7331 -8.70972
-13.9219 -8.84199
-14.2005 -8.91389
-14.4093 -9.06583
-14.6084 -9.18329
-14.897 -9.17257
-15.1555 -9.29221
-15.4006 -9.3943
-15.639 -9.4429
-15.8786 -9.50565
-16.1629 -9.46912
-16.4165 -9.46444
-16.5862 -9.50005
-16.8732 -9.45854
-17.0732 -9.65338
-17.3609 -9.62923
-17.6333 -9.61925
-17.9115 -9.55245
-18.1563 -9.51163
-18.3551 -9.55916
-18.5635 -9.57788
-18.8302 -9.5416
-19.0427 -9.49393
-19.3362 -9.34743
-19.5725 -9.25598
-19.8445 -9.11082
-20.122 -8.90056
-20.2318 -9.12903
-20.4479 -9.16153
-20.6946 -9.05551
-20.9593 -8.95709
-21.1628 -8.90379
-21.4061 -8.82333
-21.587 -8.81761
-21.7878 -8.62448
-21.9717 -8.55226
-22.1883 -8.40164
-22.4127 -8.30652
-22.5749 -8.24978
-22.8468 -7.94307
-23.0294 -7.85854
-23.2535 -7.6363
-23.4596 -7.45341
-23.6394 -7.34151
-23.8392 -7.14347
-23.9894 -7.11065
-24.1657 -6.88372
-24.3513 -6.61583
-24.5145 -6.50626
-24.6188 -6.41335
-24.7444 -6.23813
-24.9213 -5.99077
-25.0447 -5.7503
-25.176 -5.59773
-25.3292 -5.41989
-25.4858 -5.1739
-25.5766 -5.11705
-25.7105 -4.92897
-25.8235 -4.72812
-25.9601 -4.42701
-26.0941 -4.24859
-26.1946 -3.89022
-26.2763 -3.68175
-26.3242 -3.38139
-26.367 -3.13482
-26.4002 -2.89773
-26.4487 -2.72256
-26.5019 -2.5957
-26.5544 -2.33129
-26.6033 -2.13615
-26.6164 -1.8715
-26.6419 -1.60015
-26.6278 -1.44167
-26.6315 -1.18706
-26.6742 -1.01919
-26.6832 -0.710118
-26.679 -0.444112
-26.6432 -0.0887188
-26.6296 0.161412
-26.596 0.487313
-26.582 0.725072
-26.5619 1.01748
-26.4891 1.39406
-26.4552 1.56708
-26.419 1.63394
-26.3749 1.83429
-26.3056 2.03601
-26.2428 2.22468
-26.1718 2.42807
-26.0983 2.71605
-26.0145 2.93317
-25.8975 3.27381
-25.8211 3.53014
-25.72 3.71523
-25.6016 3.87353
-25.516 4.0368
-25.3924 4.20095
-25.2439 4.47201
-25.058 4.65484
-24.9414 4.86546
-24.7652 5.0582
-24.6067 5.30975
-24.433 5.48235
-24.2568 5.66472
-24.1162 5.75434
-23.9374 5.93812
-23.7705 6.15937
-23.6239 6.32235
-23.4764 6.50032
-23.2615 6.78405
-23.0585 6.85525
-22.8528 7.0611
-22.6278 7.18365
-22.4361 7.32621
-22.1869 7.50777
-21.98 7.65
-21.7566 7.94215
-21.5764 8.04061
-21.3998 8.15475
-21.2317 8.13831
-20.9913 8.38255
-20.8254 8.49129
-20.5267 8.69853
-20.2976 8.7944
-20.0925 8.93271
-19.9265 8.97214
-19.7374 9.05937
-19.5524 9.10632
-19.2462 9.3197
-18.9964 9.3948
-18.8076 9.43271
-18.5591 9.52786
-18.302 9.50269
-17.983 9.663
-17.6915 9.80336
-17.4287 9.91189
-17.1569 10.0257
-16.8869 10.1317
-16.6155 10.2119
-16.3738 10.2807
-16.0921 10.3883
-15.8965 10.355
-15.6465 10.4209
-15.4696 10.3688
-15.0813 10.4913
-14.8337 10.4973
-14.632 10.4476
-14.4361 10.4088
-14.1523 10.4486
-13.8074 10.6222
-13.5269 10.7059
-13.3174 10.6929
-13.0323 10.7381
-12.7667 10.8076
-12.4506 10.9174
-12.2748 10.8467
-12.0045 10.8907
-11.7696 10.9259
-11.4358 10.9836
-11.2436 10.9542
-11.0304 10.8458
-10.7402 10.8135
-10.5014 10.8039
-10.2704 10.7834
-9.99081 10.8714
-9.73463 10.924
-9.62377 10.8026
-9.33252 10.8538
-9.14421 10.7754
-8.83384 10.8409
-8.68781 10.7094
-8.50732 10.6581
-8.19321 10.7267
-7.79989 10.8319
-7.50077 10.8419
-7.21758 10.8601
-7.02346 10.8736
